R  \hspace{0pt} 0  28.4505 -0.682715    0.0670154    35.3425  0
R  \hspace{0pt} 3  57.3313 -2.27783    -1.26831    282.753  0
R  \hspace{0pt} 3  56.6364 -1.48454    2.80063    131.568  0
R  \hspace{0pt} 3  26.5476 -0.231834    -0.484565    27.9694  0
T3  \hspace{0pt}    0  60.0259 -1.48081    2.81106    138.788  1
T3  \hspace{0pt}    0  47.2823 -2.3035    -1.25677    239.084  1
T3  \hspace{0pt}    3  31.7217 -0.689524    0.0643995    40.2645  0
T3  \hspace{0pt}    2  29.6646 -4.2383    -2.02428    1027.96  0
T3  \hspace{0pt}    0  22.7631 -0.204551    -0.431007    24.4329  1
T3  \hspace{0pt}    1  10.087 -0.583367    2.03184    13.137  0

