R  - 0  85.2864 1.31766    1.04553    170.676  0
R  - 3  131.867 0.68326    -2.40411    164.286  0
R  - 3  75.0557 1.8954    0.0199603    255.59  0
R  - 3  58.1094 -0.0542423    2.85894    58.9064  0
T3  -    0  121.12 0.674994    -2.39986    150.202  0
T3  -    3  87.0034 1.31725    1.04535    174.051  0
T3  -    0  81.7168 1.90993    0.00708058    282.382  0
T3  -    0  60.2911 -0.0488582    2.83968    61.9324  0
T3  -    0  22.8725 0.139975    -0.402632    23.1713  0
T3  -    1  12.4918 -0.231549    0.270471    13.0968  0

