R  \hspace{0pt} 0  107.735 -0.67951    -0.972173    133.579  0
R  \hspace{0pt} 3  156.39 1.23898    1.48388    292.971  0
R  \hspace{0pt} 3  131.208 -1.14648    -1.49263    227.723  0
R  \hspace{0pt} 3  109.173 0.712972    2.47773    139.98  0
R  \hspace{0pt} 3  32.9299 -1.26369    -3.107    63.1454  0
R  \hspace{0pt} 3  32.7042 -0.310284    2.50567    35.193  0
T3  \hspace{0pt}    0  146.615 1.26019    1.48104    279.432  1
T3  \hspace{0pt}    0  138.733 -1.12276    -1.50137    236.358  1
T3  \hspace{0pt}    0  118.492 0.753238    2.4658    157.319  1
T3  \hspace{0pt}    3  107.795 -0.681452    -0.97184    133.864  0
T3  \hspace{0pt}    0  30.9418 -0.259528    2.44992    33.6137  1
T3  \hspace{0pt}    0  29.484 -1.28411    -3.07576    57.6903  1
T3  \hspace{0pt}    2  26.8813 -3.27253    1.14671    355.124  0
T3  \hspace{0pt}    1  18.6877 -0.552119    -2.21063    22.0749  0

