R  - 0  43.1494 0.342827    1.01086    45.71  0
R  - 3  79.7916 -0.449616    -2.78358    88.4884  0
R  - 3  71.3261 -2.35442    -0.377769    379.107  0
R  - 3  50.4202 -1.25682    -1.39584    96.1404  0
R  - 3  50.0701 -0.53159    -0.0666485    58.3914  0
R  - 3  48.545 1.292    2.77238    95.4591  0
R  - 3  41.849 0.610145    -2.59856    50.5171  0
T3  -    0  72.8047 -0.50121    -2.83559    82.963  0
T3  -    2  67.7543 -2.36263    -0.35236    363.101  0
T3  -    0  48.101 1.29507    2.74609    95.2512  0
T3  -    3  45.2159 0.331723    1.00547    47.7968  0
T3  -    0  43.055 0.528827    -2.5902    50.5132  0
T3  -    0  41.4168 -0.501164    -0.0633385    48.602  0
T3  -    0  33.602 -1.29594    -1.333    66.0422  0
T3  -    1  15.6523 3.30415    -1.49219    213.403  0

