R  - 0  109.361 0.538987    -1.27596    125.634  0
R  - 3  86.4631 1.7558    1.0193    257.814  0
R  - 3  68.7496 1.86348    2.13963    227.018  0
T3  -    3  117.57 0.546348    -1.27913    136.78  0
T3  -    0  83.5557 1.76284    1.02068    251.297  0
T3  -    0  64.8372 1.86346    2.15134    214.278  0
T3  -    0  28.2336 1.06802    2.69525    47.9966  0
T3  -    0  25.6725 0.928844    -2.59479    38.6952  0
T3  -    1  19.1444 0.116957    -2.91909    20.1917  0
T3  -    1  16.663 0.655192    0.0859765    20.7083  0
T3  -    1  10.4603 3.22574    -0.704933    131.889  0
T3  -    1  10.0593 -1.62996    1.63473    27.1232  0

