R  - 3  62.4643 0.196874    -1.2968    64.2041  0
R  - 3  56.3898 0.0265133    1.13145    57.0027  0
R  - 3  47.8778 -0.592112    0.561018    56.9979  0
R  - 3  43.1965 0.0622151    2.26055    43.8744  0
R  - 3  43.0337 1.28079    -1.89504    83.629  0
R  - 3  38.5184 1.34467    -0.834377    79.4334  0
T3  -    0  73.6615 0.16483    -1.27205    75.0321  0
T3  -    3  70.5293 -0.55555    2.50135    81.6961  0
T3  -    0  67.2158 -0.0223008    1.13756    68.0455  0
T3  -    0  56.0646 -0.619454    0.559432    67.5064  0
T3  -    0  42.9969 1.23538    -1.89772    80.5719  0
T3  -    0  41.6187 0.0110043    2.26078    42.3945  0
T3  -    0  38.2835 1.30479    -0.868818    76.1161  0
T3  -    1  17.2454 0.676541    -0.749045    21.8585  0

