R  \hspace{0pt} 0  43.8515 0.348419    -0.756215    46.5403  0
R  \hspace{0pt} 3  77.2799 0.382602    3.04635    83.1761  0
R  \hspace{0pt} 3  66.5007 1.51224    -1.62413    158.695  0
R  \hspace{0pt} 3  27.3459 -0.452793    -0.00249508    30.5926  0
R  \hspace{0pt} 3  25.7546 1.10322    1.7835    43.2623  0
T3  \hspace{0pt}    0  69.3292 0.419781    3.06658    75.9111  1
T3  \hspace{0pt}    0  64.5287 1.56258    -1.61546    160.992  1
T3  \hspace{0pt}    0  40.7777 1.10074    1.77925    68.6215  1
T3  \hspace{0pt}    3  40.7555 0.348662    -0.759306    43.3384  0
T3  \hspace{0pt}    0  32.192 -0.37844    -0.160598    35.3936  1
T3  \hspace{0pt}    0  24.5926 -2.44039    -0.62358    142.46  0
T3  \hspace{0pt}    0  24.1268 -1.00854    3.05247    38.2891  0
T3  \hspace{0pt}    1  12.9529 -2.92888    1.37496    121.629  0
T3  \hspace{0pt}    1  10.1603 -1.60425    2.31664    26.6945  0

