R  \hspace{0pt} 0  31.9848 0.0207749    -0.327398    31.9917  0
R  \hspace{0pt} 3  98.3021 1.07566    -1.25864    161.165  0
R  \hspace{0pt} 3  84.1394 -0.661008    1.75667    103.354  0
R  \hspace{0pt} 3  71.8124 -2.28798    1.92584    357.703  0
R  \hspace{0pt} 3  54.3596 0.216861    1.88294    57.1332  0
T3  \hspace{0pt}    0  87.9907 1.09743    -1.23847    147.009  1
T3  \hspace{0pt}    0  82.5917 -0.607054    1.75602    98.3936  1
T3  \hspace{0pt}    0  76.8948 -2.2682    1.90379    375.606  1
T3  \hspace{0pt}    0  43.9036 0.294554    2.04195    47.2293  1
T3  \hspace{0pt}    0  34.535 0.523447    -1.14299    40.485  0
T3  \hspace{0pt}    3  32.4404 0.0212095    -0.33524    33.0538  0
T3  \hspace{0pt}    1  15.5538 0.340858    1.4491    17.2234  0
T3  \hspace{0pt}    1  12.7678 -0.349004    -1.27122    14.2105  0

