R  \hspace{0pt} 0  84.8 -0.295674    -2.25932    88.5338  0
R  \hspace{0pt} 3  145.045 -1.84723    1.26824    471.498  0
R  \hspace{0pt} 3  74.4628 1.56236    -2.3608    185.681  0
R  \hspace{0pt} 3  49.4565 -0.17545    0.610462    51.2116  0
R  \hspace{0pt} 3  34.4347 1.18172    -0.249675    61.7884  0
T3  \hspace{0pt}    0  145.23 -1.85012    1.26877    473.677  1
T3  \hspace{0pt}    3  89.4988 -0.298475    -2.25262    94.1166  0
T3  \hspace{0pt}    0  66.5438 1.55972    -2.35985    165.348  1
T3  \hspace{0pt}    0  34.1013 -0.162545    0.609316    34.7834  1
T3  \hspace{0pt}    2  31.399 2.51413    -1.07129    195.317  0
T3  \hspace{0pt}    0  29.6763 1.08367    -0.157141    49.1489  1
T3  \hspace{0pt}    1  16.7062 0.588474    0.377951    20.4815  0
T3  \hspace{0pt}    1  14.3165 1.87796    2.79208    48.1319  0
T3  \hspace{0pt}    1  10.8082 1.43132    2.46894    23.9996  0

