R  - 0  40.0286 0.279075    1.66784    41.5975  0
R  - 3  77.2934 0.9886    -2.86164    118.844  0
R  - 3  58.1627 -0.408228    1.72382    63.7109  0
R  - 3  36.9406 0.288661    -2.16861    39.3371  0
T3  -    0  65.9726 1.02827    -2.86068    104.31  0
T3  -    0  49.0095 -0.340473    1.70933    52.2511  0
T3  -    3  41.2454 0.278871    1.67176    43.0302  0
T3  -    0  24.7013 0.395237    -2.06864    27.3489  0
T3  -    0  22.0897 -0.0245584    -1.21748    22.4817  0
T3  -    0  21.2048 0.657361    -1.02172    26.5982  0
T3  -    1  16.9794 -3.83771    -1.66728    394.288  0
T3  -    1  15.4252 2.71045    -0.768899    116.541  0
T3  -    1  14.8888 4.84711    -1.34501    948.269  0
T3  -    1  12.4392 -0.308498    0.441297    13.8389  0
T3  -    1  11.9839 4.18546    1.74632    393.954  0

