R  - 3  84.7188 -0.038416    2.02045    85.7485  0
R  - 3  57.0283 -0.196323    -2.52723    58.5564  0
R  - 3  36.7325 -0.576534    0.175995    43.6572  0
R  - 3  27.1778 -0.0157491    -0.620327    27.8638  0
T3  -    0  95.049 0.00160186    2.02572    97.1843  0
T3  -    0  67.0659 -0.170342    -2.53005    69.8754  0
T3  -    3  50.6286 -0.834254    3.03626    69.9844  0
T3  -    0  43.8629 -0.628332    0.0304869    54.6289  0
T3  -    0  27.8934 -0.813046    -0.766062    38.0529  0
T3  -    0  27.588 -0.1356    1.20474    30.6507  0
T3  -    0  26.6479 -0.0213856    -0.659433    27.0666  0
T3  -    1  15.2615 -2.48762    -1.53584    92.5156  0
T3  -    1  11.8003 2.60279    -0.585334    80.207  0

