R  - 3  126.298 -1.58097    -2.75632    320.342  0
R  - 3  100.502 0.0689419    2.44086    101.725  0
R  - 3  58.6471 -0.648032    0.183292    72.1205  0
R  - 3  41.4506 -1.06481    -0.161067    67.639  0
R  - 3  36.3619 0.00817726    -2.22613    36.6936  0
T3  -    0  102.313 -1.58274    -2.76015    259.745  0
T3  -    0  99.9296 0.0450435    2.44433    101.2  0
T3  -    0  81.1523 -0.861647    0.0725772    116.471  0
T3  -    3  75.475 0.717363    -0.0451946    95.7996  0
T3  -    0  31.185 0.00327495    -2.22876    31.9555  0
T3  -    1  14.522 -2.07435    -2.83714    58.8762  0
T3  -    1  12.1736 -4.24774    1.07571    425.847  0
T3  -    1  10.336 0.801275    1.07614    14.5739  0

