R  - 0  91.6176 -1.10118    0.506728    153.011  0
R  - 3  67.2581 -0.124993    -1.93745    68.6898  0
R  - 3  54.1592 1.5015    2.83285    127.957  0
R  - 3  53.841 0.106498    2.29832    55.449  0
R  - 3  26.0461 0.249409    -2.37938    27.2163  0
T3  -    3  93.7286 -1.10321    0.504328    157.074  0
T3  -    0  58.5113 -0.191438    -1.97463    61.71  0
T3  -    0  53.3652 1.45429    2.88818    120.876  0
T3  -    0  35.1994 0.0916615    2.34802    36.0569  0
T3  -    0  33.3751 0.214938    -2.37584    34.7434  0
T3  -    1  14.6342 -2.11306    -3.04256    61.5594  0
T3  -    1  13.7088 2.15749    0.175603    60.1463  0

