R  - 3  100.243 -0.931347    -1.06151    147.187  0
R  - 3  61.4661 -1.50533    -2.68978    145.741  0
R  - 3  48.37 0.31953    -3.00122    51.043  0
T3  -    0  108.91 -0.898876    -1.07959    156.221  0
T3  -    0  99.1084 -1.2976    1.04516    195.043  0
T3  -    0  54.9306 -1.47726    -2.66543    127.647  0
T3  -    0  38.9617 0.375619    -2.97318    41.8606  0
T3  -    1  17.4539 2.4617    1.72395    103.086  0
T3  -    1  12.88 -1.90143    -0.168836    44.1987  0
T3  -    1  10.6581 -3.02281    -0.465158    109.816  0

