R  \hspace{0pt} 0  66.9854 2.19624    2.81745    304.862  0
R  \hspace{0pt} 3  55.166 0.191581    1.79561    56.8114  0
R  \hspace{0pt} 3  28.0104 0.689412    -1.98282    35.1446  0
R  \hspace{0pt} 3  25.115 -1.4518    -1.66125    56.7878  0
T3  \hspace{0pt}    2  70.5588 2.61746    -0.506092    486.225  0
T3  \hspace{0pt}    3  67.7905 2.19408    2.82018    307.945  0
T3  \hspace{0pt}    0  56.0048 0.204283    1.81167    58.0391  1
T3  \hspace{0pt}    0  32.0676 0.700049    -1.93179    40.4178  1
T3  \hspace{0pt}    1  18.2005 -1.42172    -1.6162    40.7894  1
T3  \hspace{0pt}    1  10.5148 -2.33641    0.768497    54.9374  0

