R  \hspace{0pt} 0  28.3458 0.546841    1.82353    32.6907  0
R  \hspace{0pt} 3  66.2969 -1.37327    1.74537    139.482  0
R  \hspace{0pt} 3  65.4825 -0.207373    -0.300625    67.2912  0
T3  \hspace{0pt}    0  64.5273 -1.39238    1.71301    138.159  1
T3  \hspace{0pt}    0  61.2207 -0.205413    -0.30603    62.8298  1
T3  \hspace{0pt}    3  28.1441 0.55718    1.82483    32.6825  0
T3  \hspace{0pt}    0  26.527 1.15865    -0.435466    47.5649  0
T3  \hspace{0pt}    1  12.342 -1.23492    -2.78038    23.2543  0
T3  \hspace{0pt}    1  11.8842 -2.34664    -2.13032    62.8393  0
T3  \hspace{0pt}    1  11.676 0.306294    -2.91571    14.5112  0

