R  - 3  163.279 0.426375    -2.11794    178.913  0
R  - 3  151.933 -0.340179    -0.305876    161.142  0
R  - 3  120.815 0.925163    1.59537    177.02  0
R  - 3  99.9986 1.0486    2.14671    160.357  0
R  - 3  93.1827 -1.3224    1.32688    187.598  0
R  - 3  59.2384 1.35742    -1.76778    123.019  0
T3  -    0  171.367 0.408693    -2.12553    187.856  0
T3  -    0  163.26 -0.367477    -0.305909    174.951  0
T3  -    2  138.827 -2.92055    -1.10394    1291.58  0
T3  -    0  138.643 0.887727    1.57947    199.071  0
T3  -    0  91.2731 1.03042    2.15382    145.197  0
T3  -    0  84.4288 -1.36219    1.29787    176.619  0
T3  -    0  47.4625 0.53561    2.43663    54.9333  0
T3  -    0  44.8446 -0.635069    -1.51739    54.6036  0
T3  -    0  44.763 0.430228    -3.05374    49.4083  0
T3  -    0  43.6965 1.35457    -1.8072    90.5537  0
T3  -    1  15.7499 2.3249    -1.42173    81.5228  0

