R  \hspace{0pt} 0  56.7628 -0.958282    -1.3927    84.882  0
R  \hspace{0pt} 3  35.4005 0.237027    -2.02602    36.6323  0
R  \hspace{0pt} 3  29.1207 1.25405    -0.232641    55.3523  0
T3  \hspace{0pt}    3  58.2207 -0.949613    -1.39252    86.6144  0
T3  \hspace{0pt}    2  43.1327 -2.6903    2.55117    319.354  0
T3  \hspace{0pt}    0  35.3961 0.0410558    0.929667    36.603  0
T3  \hspace{0pt}    0  31.2022 0.289794    -2.03864    33.1829  1
T3  \hspace{0pt}    2  28.9156 -2.83458    2.05219    247.006  0
T3  \hspace{0pt}    0  22.908 1.25461    -0.27619    43.5765  1
T3  \hspace{0pt}    1  19.2398 -1.91849    -2.14054    67.3116  0
T3  \hspace{0pt}    1  17.3065 2.93111    -0.340899    162.71  0
T3  \hspace{0pt}    1  14.9571 -0.366567    1.2319    16.2612  0
T3  \hspace{0pt}    1  14.7466 -1.51481    0.374617    35.8931  0
T3  \hspace{0pt}    1  11.4284 -1.29846    -2.11655    22.9772  0

