R  - 3  56.1333 1.07236    0.189832    92.3861  0
R  - 3  45.6292 -1.23775    2.15109    85.6053  0
R  - 3  42.4329 -0.512081    -0.819416    48.8355  0
R  - 3  40.0385 -0.389442    -2.82788    43.5331  0
R  - 3  37.5839 0.743593    -2.94017    48.6851  0
R  - 3  32.5232 0.206634    1.3948    33.6209  0
T3  -    0  50.9804 1.0932    0.291174    85.6295  0
T3  -    0  49.4108 0.729369    -2.9884    63.6708  0
T3  -    0  48.9488 -0.527014    -0.850366    57.6264  0
T3  -    0  47.0822 -1.24498    2.12392    89.2402  0
T3  -    0  44.4927 -0.397754    -2.85396    48.9351  0
T3  -    0  35.6846 0.138689    1.3875    37.5045  0
T3  -    3  32.5953 0.205726    -2.32871    33.9258  0
T3  -    1  15.893 0.105593    2.90188    16.8923  0
T3  -    1  14.3721 -1.55908    -2.97285    36.0713  0

