R  - 0  40.187 -1.72945    2.15131    116.843  0
R  - 3  183.234 0.255281    1.82353    190.163  0
R  - 3  133.058 -1.74135    -1.63316    392.03  0
R  - 3  112.871 -1.59301    -1.14063    289.363  0
R  - 3  46.775 -0.896403    -2.07358    67.3296  0
R  - 3  30.9608 -1.32861    1.6986    62.8611  0
T3  -    0  164.4 0.25345    1.83721    170.596  0
T3  -    0  127.67 -1.74603    -1.62191    377.969  0
T3  -    0  99.0574 -1.57874    -1.12893    250.515  0
T3  -    0  42.0916 -0.897496    -2.06293    61.0029  0
T3  -    3  40.376 -1.72944    2.15148    117.39  0
T3  -    0  25.922 -1.30521    1.68299    51.6337  0
T3  -    1  12.1449 -1.60851    -0.60671    31.9454  0
T3  -    1  11.2921 -1.21153    -1.50328    20.9703  0

