R  \hspace{0pt} 0  63.2328 -0.16255    1.38019    64.07  0
R  \hspace{0pt} 3  126.721 0.578784    -1.3492    149.005  0
R  \hspace{0pt} 3  105.002 0.565095    2.97211    122.978  0
R  \hspace{0pt} 3  82.3762 -0.694057    0.418951    104.201  0
R  \hspace{0pt} 3  77.1251 1.42185    2.85982    169.58  0
R  \hspace{0pt} 3  43.8691 -0.0682174    0.190488    44.8749  0
R  \hspace{0pt} 3  25.4562 1.27493    -0.903177    49.4078  0
T3  \hspace{0pt}    0  121.421 0.571709    -1.33964    142.588  1
T3  \hspace{0pt}    0  103.955 0.553736    2.98787    120.921  1
T3  \hspace{0pt}    0  86.5342 -0.690707    0.422922    109.433  1
T3  \hspace{0pt}    0  74.4022 1.41594    2.86223    162.622  1
T3  \hspace{0pt}    3  63.3467 -0.162422    1.38019    64.2914  0
T3  \hspace{0pt}    0  35.664 0.0118588    0.15551    36.7487  1
T3  \hspace{0pt}    0  29.2003 1.19559    -0.804461    53.0103  1

