R  - 3  214.3 -0.223183    -0.673811    220.274  0
R  - 3  79.2481 -0.577094    1.07715    93.3915  0
R  - 3  66.6968 -2.27617    3.04555    328.378  0
R  - 3  37.6623 0.0648094    1.84533    38.8786  0
R  - 3  36.0881 0.951747    0.104876    54.1721  0
R  - 3  32.8443 -1.12357    2.13295    56.0786  0
T3  -    0  212.045 -0.232091    -0.660862    218.944  0
T3  -    0  80.5778 -0.570174    1.07602    95.5511  0
T3  -    2  67.6774 -2.3077    3.07025    343.711  0
T3  -    3  61.9418 -0.664828    -2.85258    76.2793  0
T3  -    0  36.7012 0.935019    0.136016    54.3729  0
T3  -    0  36.5124 0.0463665    1.94475    39.135  0
T3  -    0  33.9768 -1.14275    2.12515    59.1042  0
T3  -    1  19.0331 0.442941    2.38631    22.3383  0
T3  -    1  17.6048 -1.60381    1.66409    45.7355  0
T3  -    1  15.1057 2.90229    -1.54971    138.196  0
T3  -    1  12.7156 0.12746    -2.71508    13.2783  0
T3  -    1  10.1325 -3.41443    2.86082    154.24  0

