R  \hspace{0pt} 0  26.8322 -1.18548    1.78816    48.0009  0
R  \hspace{0pt} 3  73.478 -0.623258    -3.03874    88.349  0
R  \hspace{0pt} 3  54.059 -2.28425    -2.73059    268.213  0
T3  \hspace{0pt}    0  73.8978 -0.6048    -3.02019    88.2869  1
T3  \hspace{0pt}    0  59.1849 -2.24731    -2.72222    283.436  1
T3  \hspace{0pt}    0  29.7555 -0.95987    -0.62004    44.7143  0
T3  \hspace{0pt}    2  27.5544 -3.58458    0.68984    496.901  0
T3  \hspace{0pt}    3  26.1054 -1.18494    1.78635    46.6963  0
T3  \hspace{0pt}    0  20.0696 -0.0790291    2.32947    20.422  0
T3  \hspace{0pt}    1  13.4397 -0.464106    -0.39017    15.1822  0

