R  - 3  128.958 -0.054465    -0.669585    130.113  0
R  - 3  108.079 -0.0782395    -1.37121    109.26  0
R  - 3  83.472 0.425462    2.71795    92.7583  0
R  - 3  61.9646 -0.473096    -2.25017    69.9112  0
R  - 3  36.5618 0.382053    0.518347    39.9187  0
R  - 3  33.4514 2.22195    0.249493    156.29  0
T3  -    0  123.127 -0.0257867    -0.661362    123.934  0
T3  -    0  111.708 -0.0784795    -1.35645    114.12  0
T3  -    3  103.14 0.577366    1.40576    121.361  0
T3  -    0  83.0907 0.449281    2.76141    93.7869  0
T3  -    0  56.9071 -0.417132    -2.32371    63.056  0
T3  -    0  34.252 0.378562    0.558586    37.1828  0
T3  -    0  26.5978 0.370377    -2.82403    29.9046  0
T3  -    0  24.9456 0.209867    -2.10854    26.4801  0
T3  -    0  22.683 2.23794    0.208227    107.605  0
T3  -    1  13.2508 0.811321    2.35932    18.105  0

