R  \hspace{0pt} 0  45.4966 -0.772258    -1.01227    59.7511  0
R  \hspace{0pt} 3  173.471 0.374542    -2.29564    186.497  0
R  \hspace{0pt} 3  125.891 0.253007    1.07204    130.824  0
R  \hspace{0pt} 3  74.7442 -1.23715    0.68515    139.987  0
R  \hspace{0pt} 3  39.2918 -1.04102    2.55304    62.9792  0
T3  \hspace{0pt}    0  165.454 0.357715    -2.28105    176.374  1
T3  \hspace{0pt}    0  121.551 0.239792    1.07327    125.51  1
T3  \hspace{0pt}    0  80.9042 -1.22779    0.67199    150.262  1
T3  \hspace{0pt}    3  45.9135 -0.77241    -1.01223    60.3045  0
T3  \hspace{0pt}    0  39.161 -1.02317    2.61654    62.2033  1
T3  \hspace{0pt}    1  19.1422 1.03795    -1.25345    30.9332  0
T3  \hspace{0pt}    1  13.8281 -1.39084    -2.13429    29.7379  0

