R  \hspace{0pt} 0  122.332 0.349714    -0.41838    129.889  0
R  \hspace{0pt} 3  168.372 2.007    -1.56575    638.057  0
R  \hspace{0pt} 3  62.1031 -0.789668    2.85764    83.0711  0
R  \hspace{0pt} 3  57.0103 0.671253    -2.93058    71.1506  0
R  \hspace{0pt} 3  27.0572 -0.306934    1.92971    28.9589  0
T3  \hspace{0pt}    0  159.829 2.01659    -1.5546    611.419  1
T3  \hspace{0pt}    3  125.079 0.354511    -0.414792    133.786  0
T3  \hspace{0pt}    0  63.8104 -0.775731    2.84566    84.2044  1
T3  \hspace{0pt}    0  55.1203 0.666013    -2.89014    69.0799  1
T3  \hspace{0pt}    0  27.9448 -0.278729    1.92253    30.5184  1
T3  \hspace{0pt}    0  23.9546 -1.06752    0.616273    39.9824  0
T3  \hspace{0pt}    1  12.8396 3.54715    2.58384    223.073  0
T3  \hspace{0pt}    1  10.6423 -4.62423    -0.696836    542.414  0

