R  \hspace{0pt} 0  45.9683 0.0808652    -1.75019    46.1187  0
R  \hspace{0pt} 3  97.2468 -0.0162119    -3.03903    98.9389  0
R  \hspace{0pt} 3  66.2101 -0.54416    2.33697    76.6797  0
R  \hspace{0pt} 3  54.156 -0.0354322    -0.539165    54.4725  0
R  \hspace{0pt} 3  38.8026 -2.09559    0.426663    160.261  0
T3  \hspace{0pt}    0  101.829 -0.0777677    -3.02544    106.104  1
T3  \hspace{0pt}    0  59.2599 -0.584031    2.3792    70.6507  1
T3  \hspace{0pt}    3  48.0345 0.0799512    -1.74096    49.0436  0
T3  \hspace{0pt}    0  42.9839 -0.0774242    -0.519088    43.987  1
T3  \hspace{0pt}    0  34.6691 -2.15077    0.422142    151.231  1
T3  \hspace{0pt}    1  13.426 0.197123    -1.01397    15.2167  0
T3  \hspace{0pt}    1  12.568 -1.75388    1.32305    37.8757  0
T3  \hspace{0pt}    1  12.3441 1.70803    1.16581    35.2458  0

