R  - 3  46.5587 -0.220836    -0.428567    48.3241  0
R  - 3  46.1374 0.444607    -1.91748    51.5357  0
R  - 3  33.032 1.63447    -1.4445    88.0772  0
T3  -    3  77.6823 -0.852216    1.5136    107.967  0
T3  -    0  58.4465 -0.235893    -0.458809    60.8408  0
T3  -    0  44.6252 0.482642    -1.84962    51.2965  0
T3  -    2  28.6932 2.55734    -3.11835    186.457  0
T3  -    0  25.4891 1.73416    -1.50427    74.9604  0
T3  -    0  20.6642 -0.71264    -0.410711    26.7043  0
T3  -    1  12.229 -0.0785972    -2.11505    12.8861  0
T3  -    1  10.6605 3.91055    -3.06312    266.262  0
T3  -    1  10.4295 1.56215    1.2137    26.3605  0

