R  - 3  163.151 0.398895    0.874181    177.793  0
R  - 3  133.12 0.742356    0.0905163    174.009  0
R  - 3  98.6627 -2.03969    -1.79436    385.915  0
R  - 3  84.561 -0.0793896    2.16737    85.8891  0
R  - 3  47.8199 1.03062    -0.895034    76.1532  0
T3  -    0  152.095 0.440317    0.841083    170.108  0
T3  -    0  139.726 0.77872    0.0896646    187.712  0
T3  -    0  91.7246 -2.04143    -1.8145    359.252  0
T3  -    0  72.3418 -0.0334909    2.15292    72.8653  0
T3  -    0  54.4724 -0.17724    2.97093    55.4606  0
T3  -    0  48.1692 1.08867    -0.880178    80.7348  0
T3  -    0  38.2837 0.714194    -1.37542    50.2716  0
T3  -    1  19.8416 1.25949    2.39391    37.924  0
T3  -    1  19.5714 -2.04274    -1.06335    76.8022  0
T3  -    1  10.6556 1.27778    -1.556    20.8266  0
T3  -    1  10.0461 0.931571    0.713595    15.6717  0

