R  \hspace{0pt} 0  94.1273 0.296665    -1.9761    98.2999  0
R  \hspace{0pt} 3  125.446 -1.74683    1.28138    371.112  0
R  \hspace{0pt} 3  72.2963 -1.2291    1.16626    134.398  0
R  \hspace{0pt} 3  50.1775 -0.877029    2.6387    71.3281  0
R  \hspace{0pt} 3  45.7948 1.45659    -0.110146    103.94  0
R  \hspace{0pt} 3  27.6888 -1.72507    1.79519    80.3513  0
T3  \hspace{0pt}    0  121.678 -1.74033    1.29295    358.242  1
T3  \hspace{0pt}    3  94.8434 0.295789    -1.97661    99.0415  0
T3  \hspace{0pt}    0  62.0823 -1.23521    1.15716    116.239  1
T3  \hspace{0pt}    2  53.6289 -3.1811    -2.19851    646.678  0
T3  \hspace{0pt}    0  50.7879 -0.849649    2.61376    70.7779  1
T3  \hspace{0pt}    0  38.0933 1.49408    -0.129249    89.6059  1
T3  \hspace{0pt}    1  13.2391 -2.16571    1.74293    58.5659  0
T3  \hspace{0pt}    1  11.8902 -1.30388    1.90815    23.7541  0

