R  - 3  74.2558 -1.6614    0.152536    202.815  0
R  - 3  71.7391 -0.224995    0.806523    74.2508  0
R  - 3  62.4395 -1.65514    -1.52009    169.577  0
R  - 3  45.9469 -0.375168    -1.36553    49.8402  0
R  - 3  38.2693 -1.74786    2.95482    113.466  0
R  - 3  29.0628 -0.949745    -2.4924    43.5376  0
T3  -    0  75.5556 -0.291099    0.80912    79.4739  0
T3  -    0  73.9562 -1.66407    0.195779    202.522  0
T3  -    0  67.7183 -1.66743    -1.5485    185.967  0
T3  -    0  48.6915 -1.26599    1.46441    93.2089  0
T3  -    0  41.3754 -0.882982    -2.48211    59.0549  0
T3  -    0  38.2606 -1.75474    2.97658    114.146  0
T3  -    0  32.8085 -0.478424    -1.38301    37.3029  0
T3  -    1  14.1158 1.15866    0.392104    24.7974  0

