R  \hspace{0pt} 0  50.1096 0.187586    0.15003    50.9939  0
R  \hspace{0pt} 3  123.194 1.10938    -2.75352    207.71  0
R  \hspace{0pt} 3  37.2257 0.18685    2.69778    38.4367  0
R  \hspace{0pt} 3  34.042 2.24978    1.76637    163.418  0
T3  \hspace{0pt}    0  102.192 1.12385    -2.76818    175.434  1
T3  \hspace{0pt}    3  54.8591 0.185162    0.15633    56.6562  0
T3  \hspace{0pt}    0  33.7271 2.21662    1.74215    156.917  1
T3  \hspace{0pt}    0  23.4021 0.21567    2.72471    26.0629  1
T3  \hspace{0pt}    1  16.9216 2.02277    0.372025    65.4795  0
T3  \hspace{0pt}    1  15.3205 1.56867    1.53908    39.398  0
T3  \hspace{0pt}    1  15.1311 -4.65415    0.0927901    794.622  0
T3  \hspace{0pt}    1  10.2976 -2.04999    -1.06819    40.8639  0
T3  \hspace{0pt}    1  10.2681 -1.42456    -1.51639    23.6574  0
T3  \hspace{0pt}    1  10.1585 1.05832    -0.603753    19.5779  0

