R  - 3  64.7735 2.27101    -1.4714    317.222  0
R  - 3  59.5679 1.50298    1.19296    141.019  0
R  - 3  36.4583 1.15245    -0.400404    63.6778  0
T3  -    2  66.1914 2.25911    -1.45291    320.426  0
T3  -    0  63.7711 1.5416    1.17654    156.046  0
T3  -    2  38.8261 2.83362    -2.4512    331.407  0
T3  -    0  32.4125 0.131955    -2.9228    32.695  0
T3  -    0  32.2307 1.17189    -0.427634    57.2693  0
T3  -    0  21.4596 -1.468    -2.22014    49.3267  0
T3  -    0  20.7159 0.349451    0.154082    22.3691  0
T3  -    1  18.9882 3.18475    1.0995    229.842  0
T3  -    1  11.0945 2.45146    -2.70962    64.8797  0

