R  - 3  40.4691 0.970627    -2.6874    61.4449  0
R  - 3  36.879 -0.110465    -1.70499    37.554  0
R  - 3  35.5189 1.03786    0.338525    56.4983  0
T3  -    3  54.8283 -1.25809    0.703726    105.326  0
T3  -    0  43.1362 0.950353    -2.69658    64.3407  0
T3  -    0  38.4529 -0.167824    -1.74166    40.3449  0
T3  -    0  29.0343 1.03882    0.333667    47.2348  0
T3  -    2  24.4682 -3.01529    -1.04973    250.208  0
T3  -    1  19.8115 -1.54695    0.350737    48.8087  0
T3  -    1  18.5166 1.61888    -3.03428    49.3143  0

