R  - 3  104.374 -0.169315    0.0742989    106.296  0
R  - 3  80.7534 -0.874316    -2.03604    114.819  0
R  - 3  42.5655 -1.37362    2.28946    89.681  0
R  - 3  39.7158 -0.74603    -0.734882    51.7138  0
T3  -    0  123.175 -0.146876    0.0770063    125.048  0
T3  -    3  86.2652 0.451465    2.02794    96.0669  0
T3  -    0  77.0864 -0.841597    -2.02948    107.295  0
T3  -    0  43.83 -0.805812    -0.650286    60.0086  0
T3  -    0  37.1072 -1.3818    2.31511    78.8269  0
T3  -    0  24.7369 0.726642    3.05712    33.355  0
T3  -    1  15.3539 -1.80876    -1.25293    48.7867  0
T3  -    1  12.7323 1.13136    2.23926    22.3215  0
T3  -    1  11.826 -0.739867    0.371624    16.0177  0

