R  \hspace{0pt} 0  48.8172 0.0978451    0.917042    49.051  0
R  \hspace{0pt} 3  100.229 1.01617    1.92682    157.137  0
R  \hspace{0pt} 3  75.3054 1.04791    -1.69991    121.118  0
R  \hspace{0pt} 3  74.2843 0.166255    -0.780568    75.7713  0
R  \hspace{0pt} 3  40.907 0.547456    2.70405    47.5676  0
R  \hspace{0pt} 3  32.8724 -0.0723152    2.63247    33.3984  0
T3  \hspace{0pt}    0  117.179 1.02601    1.94458    184.812  1
T3  \hspace{0pt}    0  89.911 1.05525    -1.66889    145.27  1
T3  \hspace{0pt}    0  67.96 0.177029    -0.795348    69.6388  1
T3  \hspace{0pt}    3  50.2947 0.0990981    0.917005    50.5419  0
T3  \hspace{0pt}    0  44.4416 0.524772    2.77348    51.2479  1
T3  \hspace{0pt}    0  33.0833 -0.0638643    2.71649    34.663  1
T3  \hspace{0pt}    1  13.2877 -1.59527    1.8304    34.5094  0

