R  - 0  34.3856 -0.329772    -0.547622    36.2723  0
R  - 3  79.2385 -0.771674    -1.82103    104.84  0
R  - 3  68.9685 1.66646    1.58273    189.332  0
R  - 3  28.4177 1.01372    -0.517794    44.7861  0
T3  -    0  89.1979 -0.764761    -1.78547    117.885  0
T3  -    0  69.5564 1.70687    1.60079    198.839  0
T3  -    3  36.3008 -0.335266    -0.547356    38.4265  0
T3  -    0  22.4514 1.89035    -0.871783    76.206  0
T3  -    1  16.0529 -2.04635    2.62019    63.3139  0
T3  -    1  11.6811 3.89874    -2.79929    288.316  0
T3  -    1  11.4117 1.05196    -0.402902    19.2438  0

