T3  \hspace{0pt}    0  83.1886 0.225202    -0.354224    86.722  0
T3  \hspace{0pt}    0  41.6973 -0.132419    1.2258    43.373  0
T3  \hspace{0pt}    0  36.0868 0.400546    -0.931418    39.4849  0
T3  \hspace{0pt}    0  28.425 0.613777    -1.82238    34.6337  0
T3  \hspace{0pt}    0  21.7063 -2.33627    -2.80081    113.409  0
T3  \hspace{0pt}    0  13.6024 -2.96183    2.71162    132.022  0
T3  \hspace{0pt}    0  11.3562 -3.43001    0.76024    175.527  0
R  \hspace{0pt}    1  48.552 -0.189228    2.1717    49.4239  0
R  \hspace{0pt}    1  21.4874 -0.102637    1.19126    21.6006  0
R  \hspace{0pt}    3  48.552 -0.189228    2.1717    49.4239  0

