T3  \hspace{0pt}    0  111.073 0.764485    -1.23343    146.558  0
T3  \hspace{0pt}    0  66.5104 -1.62496    2.73988    175.609  0
T3  \hspace{0pt}    0  57.0208 -2.13006    -2.41244    243.355  0
T3  \hspace{0pt}    0  41.6842 -0.467847    -2.31435    46.7817  0
T3  \hspace{0pt}    0  40.8878 -3.01427    1.25399    417.67  0
T3  \hspace{0pt}    0  27.7513 -0.0223337    0.755104    29.1292  0
T3  \hspace{0pt}    0  23.6769 3.53197    -1.30295    405.194  0
T3  \hspace{0pt}    0  17.6048 -2.31721    1.39125    90.408  0
R  \hspace{0pt}    1  39.6939 -1.13955    2.03104    68.3793  0
R  \hspace{0pt}    1  11.5043 0.667065    -1.21664    14.1606  0
R  \hspace{0pt}    3  39.6939 -1.13955    2.03104    68.3793  0

