T3  \hspace{0pt}    0  102.313 -1.58274    -2.76015    259.745  0
T3  \hspace{0pt}    0  99.9295 0.0450435    2.44433    101.2  0
T3  \hspace{0pt}    0  81.1523 -0.861647    0.0725772    116.471  0
T3  \hspace{0pt}    0  75.475 0.717363    -0.0451946    95.7996  0
T3  \hspace{0pt}    0  31.185 0.00327495    -2.22876    31.9555  0
T3  \hspace{0pt}    0  14.522 -2.07435    -2.83714    58.8762  0
T3  \hspace{0pt}    0  12.1736 -4.24774    1.07571    425.847  0
T3  \hspace{0pt}    0  10.336 0.801275    1.07614    14.5739  0
R  \hspace{0pt}    1  72.5987 0.723614    -0.0436057    92.4496  0
R  \hspace{0pt}    1  39.0592 -1.54715    -2.81246    95.9084  0
R  \hspace{0pt}    1  29.8975 0.0540258    2.37209    29.9411  0
R  \hspace{0pt}    1  26.5644 -0.0278065    -2.23331    26.5747  0
R  \hspace{0pt}    3  72.5987 0.723614    -0.0436057    92.4496  0

