T3  \hspace{0pt}    0  93.7286 -1.10321    0.504328    157.074  0
T3  \hspace{0pt}    0  58.5113 -0.191438    -1.97463    61.71  0
T3  \hspace{0pt}    0  53.3652 1.45429    2.88818    120.876  0
T3  \hspace{0pt}    0  35.1994 0.0916615    2.34802    36.0569  0
T3  \hspace{0pt}    0  33.3751 0.214938    -2.37584    34.7434  0
T3  \hspace{0pt}    0  14.6342 -2.11306    -3.04256    61.5594  0
T3  \hspace{0pt}    0  13.7088 2.15749    0.175603    60.1463  0
R  \hspace{0pt}    1  92.0386 -1.10094    0.507286    153.684  0
R  \hspace{0pt}    3  92.0386 -1.10094    0.507286    153.684  0

