T3  \hspace{0pt}    0  84.2552 0.2263    2.71913    87.0562  0
T3  \hspace{0pt}    0  79.2173 0.439385    -2.33887    87.1662  0
T3  \hspace{0pt}    0  51.783 -1.3278    1.88687    105.032  0
T3  \hspace{0pt}    0  25.5825 0.362611    1.9409    27.8429  0
T3  \hspace{0pt}    0  25.1536 -0.195038    2.98571    25.9795  0
T3  \hspace{0pt}    0  23.8227 -0.241382    -1.63991    25.342  0
T3  \hspace{0pt}    0  12.6399 2.21136    -1.42111    58.4184  0
T3  \hspace{0pt}    0  12.1473 -0.751178    -1.43366    16.8343  0
T3  \hspace{0pt}    0  11.1463 1.61516    -2.93028    29.2406  0
T3  \hspace{0pt}    0  10.4937 -4.73148    0.138362    595.385  0
R  \hspace{0pt}    1  124.807 -0.496035    -0.311822    140.479  0
R  \hspace{0pt}    3  124.807 -0.496035    -0.311822    140.479  0

