T3  \hspace{0pt}    0  75.5556 -0.291099    0.80912    79.4739  0
T3  \hspace{0pt}    0  73.9562 -1.66407    0.195779    202.522  0
T3  \hspace{0pt}    0  67.7183 -1.66743    -1.5485    185.967  0
T3  \hspace{0pt}    0  48.6915 -1.26599    1.46441    93.2089  0
T3  \hspace{0pt}    0  41.3754 -0.882982    -2.48211    59.0549  0
T3  \hspace{0pt}    0  38.2606 -1.75474    2.97658    114.146  0
T3  \hspace{0pt}    0  32.8085 -0.478424    -1.38301    37.3029  0
T3  \hspace{0pt}    0  14.1158 1.15866    0.392104    24.7974  0
R  \hspace{0pt}    1  48.6915 -1.26599    1.46441    93.2089  0
R  \hspace{0pt}    1  26.528 -0.885108    -2.34762    37.6158  0
R  \hspace{0pt}    3  48.6915 -1.26599    1.46441    93.2089  0

