T3  \hspace{0pt}    0  71.8485 1.24637    1.51782    135.674  0
T3  \hspace{0pt}    0  50.024 -0.168399    0.0773336    51.2723  0
T3  \hspace{0pt}    0  42.2108 2.38471    -2.89081    231.797  0
T3  \hspace{0pt}    0  26.5968 1.15188    -1.37745    46.6595  0
T3  \hspace{0pt}    0  13.7519 1.20496    2.40748    25.4025  0
T3  \hspace{0pt}    0  11.0518 3.59871    1.9916    202.137  0
T3  \hspace{0pt}    0  10.7009 2.72343    2.94573    81.8763  0
T3  \hspace{0pt}    0  10.6225 0.799741    -2.52744    14.4291  0
R  \hspace{0pt}    1  52.1381 -0.449876    -2.34041    57.5039  0
R  \hspace{0pt}    1  21.6574 -0.119544    -0.0140908    21.8126  0
R  \hspace{0pt}    1  10.0855 1.26779    1.51285    19.3362  0
R  \hspace{0pt}    3  52.1381 -0.449876    -2.34041    57.5039  0

