T3  \hspace{0pt}    0  146.615 1.26019    1.48104    279.432  0
T3  \hspace{0pt}    0  138.733 -1.12276    -1.50137    236.358  0
T3  \hspace{0pt}    0  118.492 0.753238    2.4658    157.319  0
T3  \hspace{0pt}    0  107.795 -0.681452    -0.97184    133.864  0
T3  \hspace{0pt}    0  30.9418 -0.259528    2.44992    33.6137  0
T3  \hspace{0pt}    0  29.484 -1.28411    -3.07576    57.6903  0
T3  \hspace{0pt}    0  26.8813 -3.27253    1.14671    355.124  0
T3  \hspace{0pt}    0  18.6877 -0.552119    -2.21063    22.0749  0
R  \hspace{0pt}    1  106.771 -0.679595    -0.972235    132.391  0
R  \hspace{0pt}    3  106.771 -0.679595    -0.972235    132.391  0

