T3  \hspace{0pt}    0  89.1979 -0.764761    -1.78547    117.885  0
T3  \hspace{0pt}    0  69.5564 1.70687    1.60079    198.839  0
T3  \hspace{0pt}    0  36.3008 -0.335266    -0.547356    38.4265  0
T3  \hspace{0pt}    0  22.4514 1.89035    -0.871783    76.206  0
T3  \hspace{0pt}    0  16.0529 -2.04635    2.62019    63.3139  0
T3  \hspace{0pt}    0  11.6811 3.89874    -2.79929    288.316  0
T3  \hspace{0pt}    0  11.4117 1.05196    -0.402902    19.2438  0
R  \hspace{0pt}    1  34.9557 -0.328748    -0.547683    36.8617  0
R  \hspace{0pt}    1  10.4788 2.4948    1.94942    63.9305  0
R  \hspace{0pt}    3  34.9557 -0.328748    -0.547683    36.8617  0

