T3  \hspace{0pt}    0  113.239 0.610392    1.08327    137.218  0
T3  \hspace{0pt}    0  73.8994 -2.0083    -1.55615    280.471  0
T3  \hspace{0pt}    0  68.9474 3.41763    1.83369    1052.54  0
T3  \hspace{0pt}    0  61.009 0.612972    -0.40348    74.6159  0
T3  \hspace{0pt}    0  47.7254 -0.961812    -2.77262    71.7885  0
T3  \hspace{0pt}    0  24.4095 -1.80673    -3.05574    76.5091  0
T3  \hspace{0pt}    0  22.2121 -1.79814    -2.39419    69.2517  0
T3  \hspace{0pt}    0  12.5241 -0.227875    2.64448    14.4922  0
R  \hspace{0pt}    1  30.9648 -0.123213    0.64041    31.2004  0
R  \hspace{0pt}    1  13.957 0.573598    1.14424    16.3167  0
R  \hspace{0pt}    3  30.9648 -0.123213    0.64041    31.2004  0

