T3  \hspace{0pt}    0  88.8451 -1.37906    -3.06273    187.595  0
T3  \hspace{0pt}    0  64.4658 -1.03031    -0.91525    102.407  0
T3  \hspace{0pt}    0  50.1317 -0.32486    2.31983    53.4413  0
T3  \hspace{0pt}    0  42.6545 0.335124    0.236725    45.9035  0
T3  \hspace{0pt}    0  36.2727 -1.01411    -0.111925    57.0055  0
T3  \hspace{0pt}    0  24.5895 -0.0777171    0.661081    25.1658  0
T3  \hspace{0pt}    0  10.0402 -0.192407    1.22243    10.7071  0
R  \hspace{0pt}    1  88.8451 -1.37906    -3.06273    187.595  0
R  \hspace{0pt}    1  14.011 -1.06146    -0.950701    22.6738  0
R  \hspace{0pt}    3  88.8451 -1.37906    -3.06273    187.595  0

