T3  \hspace{0pt}    0  65.7417 -2.47178    -1.08656    392.219  0
T3  \hspace{0pt}    0  62.3724 -1.85654    -1.9024    204.594  0
T3  \hspace{0pt}    0  54.7152 -0.383302    2.55435    59.3392  0
T3  \hspace{0pt}    0  48.5655 -1.95046    -1.38889    174.541  0
T3  \hspace{0pt}    0  27.638 -1.55032    1.19716    68.0988  0
T3  \hspace{0pt}    0  22.7154 -0.153218    -1.4439    24.7152  0
T3  \hspace{0pt}    0  18.1841 -0.0840474    -3.04692    19.487  0
T3  \hspace{0pt}    0  15.0277 -3.30937    0.228849    205.978  0
T3  \hspace{0pt}    0  13.28 0.631929    3.0129    16.559  0
T3  \hspace{0pt}    0  12.2403 -0.727632    1.40864    17.0895  0
T3  \hspace{0pt}    0  11.7781 2.25627    0.0644359    57.4885  0
T3  \hspace{0pt}    0  11.7648 -2.38848    0.381735    64.9581  0
T3  \hspace{0pt}    0  11.2728 3.38426    1.86126    166.539  0
T3  \hspace{0pt}    0  11.2172 -2.65435    0.948775    80.2451  0
R  \hspace{0pt}    1  27.0757 -1.54898    1.1969    66.5946  0
R  \hspace{0pt}    3  27.0757 -1.54898    1.1969    66.5946  0

