T3  \hspace{0pt}    0  347.384 0.868951    2.16108    487.377  0
T3  \hspace{0pt}    0  263.229 1.44029    -0.725353    587.257  0
T3  \hspace{0pt}    0  143.353 -0.999103    -1.49698    222.674  0
T3  \hspace{0pt}    0  38.8089 0.448111    -0.0771393    43.4186  0
T3  \hspace{0pt}    0  38.4374 1.44004    -1.54963    85.8186  0
T3  \hspace{0pt}    0  32.675 -0.709869    -2.51969    42.279  0
T3  \hspace{0pt}    0  14.9795 -4.26908    -3.12432    535.302  0
T3  \hspace{0pt}    0  14.4887 -3.42698    -0.141509    223.266  0
T3  \hspace{0pt}    0  13.5112 3.14595    1.9286    157.378  0
T3  \hspace{0pt}    0  12.2636 -0.1499    -2.30442    12.8553  0
R  \hspace{0pt}    1  45.8585 0.470607    1.53557    51.0312  0
R  \hspace{0pt}    3  45.8585 0.470607    1.53557    51.0312  0

