16    0   131.867 0.68326    -2.40411    164.286
16    0   75.0557 1.8954    0.0199603    255.59
16    0   58.1094 -0.0542423    2.85894    58.9064
16    1   121.12 0.674994    -2.39986    150.202
16    1   87.0034 1.31725    1.04535    174.051
16    1   81.7168 1.90993    0.00708058    282.382
16    1   60.2911 -0.0488582    2.83968    61.9324
16    1   22.8725 0.139975    -0.402632    23.1713
16    1   12.4918 -0.231549    0.270471    13.0968

35    0   67.2581 -0.124993    -1.93745    68.6898
35    0   54.1592 1.5015    2.83285    127.957
35    0   53.841 0.106498    2.29832    55.449
35    0   26.0461 0.249409    -2.37938    27.2163
35    1   93.7286 -1.10321    0.504328    157.074
35    1   58.5113 -0.191438    -1.97463    61.71
35    1   53.3652 1.45429    2.88818    120.876
35    1   35.1994 0.0916615    2.34802    36.0569
35    1   33.3751 0.214938    -2.37584    34.7434
35    1   14.6342 -2.11306    -3.04256    61.5594
35    1   13.7088 2.15749    0.175603    60.1463

45    0   73.478 -0.623258    -3.03874    88.349
45    0   54.059 -2.28425    -2.73059    268.213
45    1   73.8978 -0.6048    -3.02019    88.2869
45    1   59.1849 -2.24731    -2.72222    283.436
45    1   29.7555 -0.95987    -0.62004    44.7143
45    1   27.5544 -3.58458    0.68984    496.901
45    1   26.1054 -1.18494    1.78635    46.6963
45    1   20.0696 -0.0790291    2.32947    20.422
45    1   13.4397 -0.464106    -0.39017    15.1822

48    0   79.2385 -0.771674    -1.82103    104.84
48    0   68.9685 1.66646    1.58273    189.332
48    0   28.4177 1.01372    -0.517794    44.7861
48    1   89.1979 -0.764761    -1.78547    117.885
48    1   69.5564 1.70687    1.60079    198.839
48    1   36.3008 -0.335266    -0.547356    38.4265
48    1   22.4514 1.89035    -0.871783    76.206
48    1   16.0529 -2.04635    2.62019    63.3139
48    1   11.6811 3.89874    -2.79929    288.316
48    1   11.4117 1.05196    -0.402902    19.2438

49    0   74.2558 -1.6614    0.152536    202.815
49    0   71.7391 -0.224995    0.806523    74.2508
49    0   62.4395 -1.65514    -1.52009    169.577
49    0   45.9469 -0.375168    -1.36553    49.8402
49    0   38.2693 -1.74786    2.95482    113.466
49    0   29.0628 -0.949745    -2.4924    43.5376
49    1   75.5556 -0.291099    0.80912    79.4739
49    1   73.9562 -1.66407    0.195779    202.522
49    1   67.7183 -1.66743    -1.5485    185.967
49    1   48.6915 -1.26599    1.46441    93.2089
49    1   41.3754 -0.882982    -2.48211    59.0549
49    1   38.2606 -1.75474    2.97658    114.146
49    1   32.8085 -0.478424    -1.38301    37.3029
49    1   14.1158 1.15866    0.392104    24.7974

60    0   126.298 -1.58097    -2.75632    320.342
60    0   100.502 0.0689419    2.44086    101.725
60    0   58.6471 -0.648032    0.183292    72.1205
60    0   41.4506 -1.06481    -0.161067    67.639
60    0   36.3619 0.00817726    -2.22613    36.6936
60    1   102.313 -1.58274    -2.76015    259.745
60    1   99.9295 0.0450435    2.44433    101.2
60    1   81.1523 -0.861647    0.0725772    116.471
60    1   75.475 0.717363    -0.0451946    95.7996
60    1   31.185 0.00327495    -2.22876    31.9555
60    1   14.522 -2.07435    -2.83714    58.8762
60    1   12.1736 -4.24774    1.07571    425.847
60    1   10.336 0.801275    1.07614    14.5739

78    0   156.39 1.23898    1.48388    292.971
78    0   131.208 -1.14648    -1.49263    227.723
78    0   109.173 0.712972    2.47773    139.98
78    0   32.9299 -1.26369    -3.107    63.1454
78    0   32.7042 -0.310284    2.50567    35.193
78    1   146.615 1.26019    1.48104    279.432
78    1   138.733 -1.12276    -1.50137    236.358
78    1   118.492 0.753238    2.4658    157.319
78    1   107.795 -0.681452    -0.97184    133.864
78    1   30.9418 -0.259528    2.44992    33.6137
78    1   29.484 -1.28411    -3.07576    57.6903
78    1   26.8813 -3.27253    1.14671    355.124
78    1   18.6877 -0.552119    -2.21063    22.0749

121    0   133.771 -0.533603    -1.70156    154.298
121    0   87.297 0.398585    1.66452    94.9144
121    0   52.8586 -1.79648    0.613769    163.97
121    1   126.371 -0.482331    -1.71569    142.086
121    1   96.7632 0.450919    1.66962    108.072
121    1   60.9323 -1.80858    0.606908    191.532
121    1   55.0013 1.66764    1.39071    151.115

123    0   89.672 -0.482066    -2.22137    101.345
123    0   88.1322 -1.95176    -0.0243984    316.736
123    1   105.791 -0.473938    -2.31361    120.521
123    1   89.2709 -1.93072    -0.0219385    314.478
123    1   54.9775 -2.62955    1.00792    383.333
123    1   40.398 -0.32195    1.23479    42.5098
123    1   26.1473 -1.65926    -2.92603    71.8739
123    1   16.9796 -2.96123    -0.305652    164.561

125    0   100.243 -0.931347    -1.06151    147.187
125    0   61.4661 -1.50533    -2.68978    145.741
125    0   48.37 0.31953    -3.00122    51.043
125    1   108.91 -0.898876    -1.07959    156.221
125    1   99.1084 -1.2976    1.04516    195.043
125    1   54.9306 -1.47726    -2.66543    127.647
125    1   38.9617 0.375619    -2.97318    41.8606
125    1   17.4539 2.4617    1.72395    103.086
125    1   12.88 -1.90143    -0.168836    44.1987
125    1   10.6581 -3.02281    -0.465158    109.816

132    0   57.3313 -2.27783    -1.26831    282.753
132    0   56.6364 -1.48454    2.80063    131.568
132    0   26.5476 -0.231834    -0.484565    27.9694
132    1   60.0259 -1.48081    2.81106    138.788
132    1   47.2823 -2.3035    -1.25677    239.084
132    1   31.7217 -0.689524    0.0643995    40.2645
132    1   29.6646 -4.2383    -2.02428    1027.96
132    1   22.7631 -0.204551    -0.431007    24.4329
132    1   10.087 -0.583367    2.03184    13.137

142    0   66.2969 -1.37327    1.74537    139.482
142    0   65.4825 -0.207373    -0.300625    67.2912
142    1   64.5273 -1.39238    1.71301    138.159
142    1   61.2207 -0.205413    -0.30603    62.8298
142    1   28.1441 0.55718    1.82483    32.6825
142    1   26.527 1.15865    -0.435466    47.5649
142    1   12.342 -1.23492    -2.78038    23.2543
142    1   11.8842 -2.34664    -2.13032    62.8393
142    1   11.676 0.306294    -2.91571    14.5112

145    0   77.2799 0.382602    3.04635    83.1761
145    0   66.5007 1.51224    -1.62413    158.695
145    0   27.3459 -0.452793    -0.00249508    30.5926
145    0   25.7546 1.10322    1.7835    43.2623
145    1   69.3292 0.419781    3.06658    75.9111
145    1   64.5287 1.56258    -1.61546    160.992
145    1   40.7777 1.10074    1.77925    68.6215
145    1   40.7555 0.348662    -0.759306    43.3384
145    1   32.192 -0.37844    -0.160598    35.3936
145    1   24.5926 -2.44039    -0.62358    142.46
145    1   24.1268 -1.00854    3.05247    38.2891
145    1   12.9529 -2.92888    1.37496    121.629
145    1   10.1603 -1.60425    2.31664    26.6945

150    0   62.4643 0.196874    -1.2968    64.2041
150    0   56.3898 0.0265133    1.13145    57.0027
150    0   47.8778 -0.592112    0.561018    56.9979
150    0   43.1965 0.0622151    2.26055    43.8744
150    0   43.0337 1.28079    -1.89504    83.629
150    0   38.5184 1.34467    -0.834377    79.4334
150    1   73.6615 0.16483    -1.27205    75.0321
150    1   70.5293 -0.55555    2.50135    81.6961
150    1   67.2158 -0.0223008    1.13756    68.0455
150    1   56.0646 -0.619454    0.559432    67.5064
150    1   42.9969 1.23538    -1.89772    80.5719
150    1   41.6187 0.0110043    2.26078    42.3945
150    1   38.2835 1.30479    -0.868818    76.1161
150    1   17.2454 0.676541    -0.749045    21.8585

159    0   79.7916 -0.449616    -2.78358    88.4884
159    0   71.3261 -2.35442    -0.377769    379.107
159    0   50.4202 -1.25682    -1.39584    96.1404
159    0   50.0701 -0.53159    -0.0666485    58.3914
159    0   48.545 1.292    2.77238    95.4591
159    0   41.849 0.610145    -2.59856    50.5171
159    1   72.8047 -0.50121    -2.83559    82.963
159    1   67.7543 -2.36263    -0.35236    363.101
159    1   48.101 1.29507    2.74609    95.2512
159    1   45.2159 0.331723    1.00547    47.7968
159    1   43.055 0.528827    -2.5902    50.5132
159    1   41.4168 -0.501164    -0.0633385    48.602
159    1   33.602 -1.29594    -1.333    66.0422
159    1   15.6523 3.30415    -1.49219    213.403

167    0   109.855 -0.675517    0.842724    136.402
167    0   108.615 -1.70384    -1.32996    308.618
167    0   69.7101 -0.462173    2.69782    78.1588
167    1   110.56 -0.69477    0.837798    138.959
167    1   99.6293 -1.71525    -1.30064    286.221
167    1   67.9409 -0.449718    2.69316    76.0885
167    1   42.7058 -2.19599    2.68649    194.518
167    1   16.5941 -2.83125    -1.33169    141.333
167    1   10.1609 0.732325    -0.35895    13.8955

174    0   56.1333 1.07236    0.189832    92.3861
174    0   45.6292 -1.23775    2.15109    85.6053
174    0   42.4329 -0.512081    -0.819416    48.8355
174    0   40.0385 -0.389442    -2.82788    43.5331
174    0   37.5839 0.743593    -2.94017    48.6851
174    0   32.5232 0.206634    1.3948    33.6209
174    1   50.9804 1.0932    0.291174    85.6295
174    1   49.4108 0.729369    -2.9884    63.6708
174    1   48.9488 -0.527014    -0.850366    57.6264
174    1   47.0822 -1.24498    2.12392    89.2402
174    1   44.4927 -0.397754    -2.85396    48.9351
174    1   35.6846 0.138689    1.3875    37.5045
174    1   32.5953 0.205726    -2.32871    33.9258
174    1   15.893 0.105593    2.90188    16.8923
174    1   14.3721 -1.55908    -2.97285    36.0713

180    0   84.7188 -0.038416    2.02045    85.7485
180    0   57.0283 -0.196323    -2.52723    58.5564
180    0   36.7325 -0.576534    0.175995    43.6572
180    0   27.1778 -0.0157491    -0.620327    27.8638
180    1   95.049 0.00160186    2.02572    97.1844
180    1   67.0659 -0.170342    -2.53005    69.8754
180    1   50.6286 -0.834254    3.03626    69.9844
180    1   43.8629 -0.628332    0.0304869    54.6289
180    1   27.8934 -0.813046    -0.766062    38.0529
180    1   27.588 -0.1356    1.20474    30.6507
180    1   26.6479 -0.0213856    -0.659433    27.0666
180    1   15.2615 -2.48762    -1.53584    92.5156
180    1   11.8003 2.60279    -0.585334    80.207

198    0   163.151 0.398895    0.874181    177.793
198    0   133.12 0.742356    0.0905163    174.009
198    0   98.6627 -2.03969    -1.79436    385.915
198    0   84.561 -0.0793896    2.16737    85.8891
198    0   47.8199 1.03062    -0.895034    76.1532
198    1   152.095 0.440317    0.841083    170.108
198    1   139.726 0.77872    0.0896646    187.712
198    1   91.7246 -2.04143    -1.8145    359.252
198    1   72.3418 -0.0334909    2.15292    72.8654
198    1   54.4724 -0.17724    2.97093    55.4606
198    1   48.1692 1.08867    -0.880178    80.7348
198    1   38.2837 0.714194    -1.37542    50.2716
198    1   19.8416 1.25949    2.39391    37.924
198    1   19.5714 -2.04274    -1.06335    76.8022
198    1   10.6556 1.27778    -1.556    20.8266
198    1   10.0461 0.931571    0.713595    15.6717

212    0   125.446 -1.74683    1.28138    371.112
212    0   72.2964 -1.2291    1.16626    134.398
212    0   50.1775 -0.877029    2.6387    71.3281
212    0   45.7948 1.45659    -0.110146    103.94
212    0   27.6888 -1.72507    1.79519    80.3513
212    1   121.678 -1.74033    1.29295    358.242
212    1   94.8434 0.295789    -1.97661    99.0415
212    1   62.0823 -1.23521    1.15716    116.239
212    1   53.6289 -3.1811    -2.19851    646.678
212    1   50.7879 -0.849649    2.61376    70.7779
212    1   38.0933 1.49408    -0.129249    89.6059
212    1   13.2391 -2.16571    1.74293    58.5659
212    1   11.8902 -1.30388    1.90815    23.7541

